10.50
15.99
20.00
25.75
30.10
35.25
40.50
45.00
50.60
55.20
60.15
65.80
70.30
75.45
80.90
85.00
90.50
95.25
100.10
105.75
110.00
115.50
120.60
125.40
130.30
135.25
140.80
145.00
150.50
155.75
160.20
165.60
170.45
175.30
180.00
185.75
190.40
195.10
200.00
205.60
210.25
215.50
220.30
225.75
230.00
235.90
240.10
245.80
250.50
255.60
260.30
265.20
270.10
275.50
280.40
285.00
290.25
295.10
300.50
305.80
310.00
315.40
320.10
325.75
330.60
335.20
340.00
345.10
350.75
355.60
360.30
365.10
370.50
375.00
380.25
385.60
390.80
395.40
400.00
405.75
410.20
415.30
420.60
425.50
430.00
435.25
440.80
445.10
450.75
455.60
460.00
465.40
470.10
475.50
480.80
485.00
490.60
495.25
500.00
